***************************************
Program to calculate SVD.
***************************************
Please enter matrix A : 
rows = 3
columns = 3

Matrix A:
1.0			1.0			1.0			
3.0			3.0			3.0			
4.0			4.0			4.0			

Matrix AT:
1.0			3.0			4.0			
1.0			3.0			4.0			
1.0			3.0			4.0			

Matrix AT * A:
26.0			26.0			26.0			
26.0			26.0			26.0			
26.0			26.0			26.0			

Matrix S:
8.831760866327848			0.0			0.0			
0.0			7.211102550927978			0.0			
0.0			0.0			7.211102550927978			

Matrix SInv:
0.11322770341445956			0.0			0.0			
0.0			0.1386750490563073			0.0			
0.0			0.0			0.1386750490563073			

Matrix ATAC1:
-52.0			26.0			26.0			
26.0			-52.0			26.0			
26.0			26.0			-52.0			

Matrix ATAC2:
-26.0			26.0			26.0			
26.0			-26.0			26.0			
26.0			26.0			-26.0			

Matrix ATAC3:
-26.0			26.0			26.0			
26.0			-26.0			26.0			
26.0			26.0			-26.0			

Matrix V:
-0.813733471206735			0.2150581316760657			-0.2036769228346774			
0.3487429162314579			0.6451743950281972			-0.626995604499424			
0.4649905549752771			0.8602325267042626			0.8306725273341014			

Matrix VT:
-0.813733471206735			0.3487429162314579			0.4649905549752771			
0.2150581316760657			0.6451743950281972			0.8602325267042626			
-0.2036769228346774			-0.626995604499424			0.8306725273341014			

Matrix U:
0.0			0.23858557568108962			-1.5396023240333544E-17			
0.0			0.7157567270432689			-6.158409296133417E-17			
0.0			0.9543423027243585			-6.158409296133417E-17			

Matrix US:
0.0			1.7204650534085255			-1.1102230246251565E-16			
0.0			5.1613951602255765			-4.440892098500626E-16			
0.0			6.881860213634102			-4.440892098500626E-16			

Matrix B:
0.37000000000000005			1.1100000000000003			1.48			
1.11			3.330000000000002			4.44			
1.4800000000000002			4.440000000000001			5.92			
Frobenious Norm : 4.077303030190422

Matrix New S:
8.831760866327848			0.0			
0.0			7.211102550927978			

Matrix New U:
0.0			0.23858557568108962			
0.0			0.7157567270432689			
0.0			0.9543423027243585			

Matrix New VT:
-0.813733471206735			0.3487429162314579			0.4649905549752771			
0.2150581316760657			0.6451743950281972			0.8602325267042626			

Matrix New B:
0.37000000000000005			1.1100000000000003			0.0			
1.11			3.3300000000000014			0.0			
1.4800000000000002			4.440000000000001			0.0			
New Frobenious Norm : 6.052602745926747

Done!

--------------------

***************************************
Program to calculate SVD.
***************************************
Please enter matrix A : 
rows = 3
columns = 3

Matrix A:
1.0			1.0			1.0			
3.0			0.0			0.0			
0.0			1.0			0.0			

Matrix AT:
1.0			3.0			0.0			
1.0			0.0			1.0			
1.0			0.0			0.0			

Matrix AT * A:
10.0			1.0			1.0			
1.0			2.0			1.0			
1.0			1.0			1.0			

Matrix S:
3.202909833412176			0.0			0.0			
0.0			1.5399405026069797			0.0			
0.0			0.0			0.6082366705996488			

Matrix SInv:
0.3122160947424061			0.0			0.0			
0.0			0.6493757377684987			0.0			
0.0			0.0			1.6440968595565264			

Matrix ATAC1:
-0.2586314009684152			1.0			1.0			
1.0			-8.258631400968415			1.0			
1.0			1.0			-9.258631400968415			

Matrix ATAC2:
7.628583248430563			1.0			1.0			
1.0			-0.3714167515694369			1.0			
1.0			1.0			-1.3714167515694369			

Matrix ATAC3:
9.630048152537855			1.0			1.0			
1.0			1.6300481525378543			1.0			
1.0			1.0			0.6300481525378543			

Matrix V:
-0.628686106463114			-0.06507775359531415			0.5939351239829476			
-0.7257770504420965			1.2433419255665092			-1.112310582865268			
-0.27928740141979214			-1.552678376416507			-0.0031035088482727624			

Matrix VT:
-0.628686106463114			-0.7257770504420965			-0.27928740141979214			
-0.06507775359531415			1.2433419255665092			-1.552678376416507			
0.5939351239829476			-1.112310582865268			-0.0031035088482727624			

Matrix U:
-0.5100832191034579			-0.24313550024268			-0.8573619331706472			
-0.588857762936166			-0.12677974275982107			2.9294606163620407			
-0.22659927634269364			0.8073960802132577			-1.8287463361402765			

Matrix US:
-1.633750558325003			-0.37441420444531204			-0.5214789677305931			
-1.886058319389342			-0.19523326078594244			1.7818053719488427			
-0.7257770504420965			1.2433419255665092			-1.112310582865268			

Matrix B:
0.7417576374311929			1.3002603580131562			1.0392492016586898			
2.256720797920205			-0.8558048262169307			0.8243569405903041			
-0.28526827540564365			3.3098863035739363			-1.7243576701551369			
Frobenious Norm : 3.2424031577804064

Matrix New S:
3.202909833412176			0.0			
0.0			1.5399405026069797			

Matrix New U:
-0.5100832191034579			-0.24313550024268			
-0.588857762936166			-0.12677974275982107			
-0.22659927634269364			0.8073960802132577			

Matrix New VT:
-0.628686106463114			-0.7257770504420965			-0.27928740141979214			
-0.06507775359531415			1.2433419255665092			-1.552678376416507			

Matrix New B:
1.0514823127847623			0.720213783464762			0.0			
1.198444003418287			1.126116145607952			0.0			
0.375372048535984			2.0726514708198644			0.0			
New Frobenious Norm : 2.6241489459223404

Done!

--------------------

***************************************
Program to calculate SVD.
***************************************
Please enter matrix A : 
rows = 2
columns = 2

Matrix A:
4.0			0.0			
3.0			-5.0			

Matrix AT:
4.0			3.0			
0.0			-5.0			

Matrix AT * A:
25.0			-15.0			
-15.0			25.0			

c1 = 40.0
c2 = 10.0
s1 = 6.324555320336759
s2 = 3.1622776601683795

Matrix S:
6.324555320336759			0.0			
0.0			3.1622776601683795			

Matrix SInv:
0.15811388300841897			0.0			
0.0			0.31622776601683794			

Matrix ATAC1:
-15.0			-15.0			
-15.0			-15.0			

Matrix ATAC2:
15.0			-15.0			
-15.0			15.0			

Matrix V:
0.7071067811865475			0.7071067811865475			
-0.7071067811865475			0.7071067811865475			

Matrix VT:
0.7071067811865475			-0.7071067811865475			
0.7071067811865475			0.7071067811865475			

Matrix A * V:
2.82842712474619			2.82842712474619			
5.65685424949238			-1.414213562373095			

Matrix U:
0.4472135954999579			0.8944271909999159			
0.8944271909999159			-0.4472135954999579			

Matrix US:
2.8284271247461903			2.8284271247461903			
5.656854249492381			-1.4142135623730951			

Matrix B:
4.0			0.0			
3.0			-5.0			
Frobenious Norm : 0.0

Matrix New S:
6.324555320336759			

Matrix New U:
0.4472135954999579			
0.8944271909999159			

Matrix New VT:
0.7071067811865475			-0.7071067811865475			

Matrix US New:
2.8284271247461903			
5.656854249492381			

Matrix B New:
2.0			0.0			
4.0			0.0			
New Frobenious Norm : 5.477225575051661

Done!

--------------------

***************************************
Program to calculate SVD.
***************************************
Please enter matrix A : 
rows = 2
columns = 3

Matrix A:
3.0			2.0			2.0			
2.0			3.0			-2.0			

Matrix AT:
3.0			2.0			
2.0			3.0			
2.0			-2.0			

Matrix AT * A:
13.0			12.0			2.0			
12.0			13.0			-2.0			
2.0			-2.0			8.0			

Matrix S:
5.0			0.0			0.0			
0.0			2.9999999999999996			0.0			
0.0			0.0			4.2146848510894035E-8			

Matrix SInv:
0.2			0.0			0.0			
0.0			0.33333333333333337			0.0			
0.0			0.0			2.3726566406062886E7			

Matrix ATAC1:
-12.0			12.0			2.0			
12.0			-12.0			-2.0			
2.0			-2.0			-17.0			

Matrix ATAC2:
4.0000000000000036			12.0			2.0			
12.0			4.0000000000000036			-2.0			
2.0			-2.0			-0.9999999999999964			

Matrix ATAC3:
12.999999999999998			12.0			2.0			
12.0			12.999999999999998			-2.0			
2.0			-2.0			7.999999999999998			

Matrix V:
0.7071067811865475			0.7071067811865475			-2.0			
0.7071067811865475			-0.7071067811865475			2.0			
0.0			0.0			1.0			

Matrix VT:
0.7071067811865475			0.7071067811865475			0.0			
0.7071067811865475			-0.7071067811865475			0.0			
-2.0			2.0			1.0			

Matrix U:
0.7071067811865475			0.23570226039551584			0.0			
0.7071067811865475			-0.23570226039551584			0.0			

Matrix US:
3.5355339059327373			0.7071067811865475			0.0			
3.5355339059327373			-0.7071067811865475			0.0			

Matrix B:
2.9999999999999996			1.9999999999999996			0.0			
1.9999999999999996			2.9999999999999996			0.0			
Frobenious Norm : 2.8284271247461903

Matrix New S:
5.0			0.0			
0.0			2.9999999999999996			

Matrix New U:
0.7071067811865475			0.23570226039551584			
0.7071067811865475			-0.23570226039551584			

Matrix New VT:
0.7071067811865475			0.7071067811865475			0.0			
0.7071067811865475			-0.7071067811865475			0.0			

Matrix New B:
2.9999999999999996			1.9999999999999996			0.0			
1.9999999999999996			2.9999999999999996			0.0			
New Frobenious Norm : 2.8284271247461903

Done!

--------------------

***************************************
Program to calculate SVD.
***************************************
Please enter matrix A : 
Invalid input: Data type is not integer

--------------------

***************************************
Program to calculate SVD.
***************************************
Please enter matrix A : 
Invalid Input: Column size greater than 3

--------------------

***************************************
Program to calculate SVD.
***************************************
Please enter matrix A : 
rows = 3
columns = 2

Matrix A:
5.0			0.0			
0.0			2.0			
4.0			6.0			

Matrix AT:
5.0			0.0			4.0			
0.0			2.0			6.0			

Matrix AT * A:
41.0			24.0			
24.0			40.0			

c1 = 64.50520776831561
c2 = 16.494792231684393
s1 = 8.031513417053825
s2 = 4.061378119762354

Matrix S:
8.031513417053825			0.0			
0.0			4.061378119762354			

Matrix SInv:
0.1245095348874891			0.0			
0.0			0.24622184157985114			

Matrix ATAC1:
-23.505207768315614			24.0			
24.0			-24.505207768315614			

Matrix ATAC2:
24.505207768315607			24.0			
24.0			23.505207768315607			

Matrix V:
0.7071067811865475			0.7071067811865475			
0.7071067811865475			0.7071067811865475			

Matrix VT:
0.7071067811865475			0.7071067811865475			
0.7071067811865475			0.7071067811865475			

Matrix A * V:
3.5355339059327373			3.5355339059327373			
1.414213562373095			1.414213562373095			
7.071067811865475			7.071067811865475			

Matrix U:
0.44020768220663276			0.8705256692867628			
0.1760830728826531			0.3482102677147051			
0.8804153644132655			1.7410513385735256			

Matrix US:
3.5355339059327373			3.5355339059327378			
1.414213562373095			1.414213562373095			
7.071067811865475			7.0710678118654755			

Matrix B:
5.0			5.0			
1.9999999999999996			1.9999999999999996			
10.0			10.0			
Frobenious Norm : 9.0

Matrix New S:
8.031513417053825			

Matrix New U:
0.44020768220663276			
0.1760830728826531			
0.8804153644132655			

Matrix New VT:
0.7071067811865475			0.7071067811865475			

Matrix US New:
3.5355339059327373			
1.414213562373095			
7.071067811865475			

Matrix B New:
2.4999999999999996			0.0			
0.9999999999999998			0.0			
4.999999999999999			0.0			
New Frobenious Norm : 6.946221994724902

Done!

--------------------

***************************************
Program to calculate SVD.
***************************************
Please enter matrix A : 
Invalid Input: Column size is inconsistent

--------------------

